       0.991067       0.132845       -0.22032       0.247724      -0.300232   -0.000557415   -0.000775582   -0.000698708   -0.000737758     -0.0007377   -0.000759336
       0.132845      0.0332529      -0.029891      0.0334262     -0.0388396   -7.19919e-05   -0.000105056   -9.22392e-05    -0.00010365   -0.000103483   -9.71122e-05
       -0.22032      -0.029891      0.0730739     -0.0560196      0.0710844    0.000116658    0.000180206    0.000153509    0.000167444    0.000160617    0.000172036
       0.247724      0.0334262     -0.0560196      0.0927484     -0.0795919   -0.000132434   -0.000193677   -0.000175529   -0.000181998     -0.0001907   -0.000194732
      -0.300232     -0.0388396      0.0710844     -0.0795919         0.1395    0.000151396    0.000238757    0.000218396    0.000221736     0.00022242    0.000240804
   -0.000557415   -7.19919e-05    0.000116658   -0.000132434    0.000151396    3.47012e-07    4.31647e-07    3.89391e-07    4.15156e-07    4.12192e-07    4.21242e-07
   -0.000775582   -0.000105056    0.000180206   -0.000193677    0.000238757    4.31647e-07    6.28841e-07     5.4304e-07    5.80388e-07    5.72651e-07    5.94194e-07
   -0.000698708   -9.22392e-05    0.000153509   -0.000175529    0.000218396    3.89391e-07     5.4304e-07    5.13052e-07    5.15385e-07    5.21719e-07    5.36225e-07
   -0.000737758    -0.00010365    0.000167444   -0.000181998    0.000221736    4.15156e-07    5.80388e-07    5.15385e-07    5.71341e-07    5.43958e-07    5.62162e-07
     -0.0007377   -0.000103483    0.000160617     -0.0001907     0.00022242    4.12192e-07    5.72651e-07    5.21719e-07    5.43958e-07    5.72314e-07    5.64872e-07
   -0.000759336   -9.71122e-05    0.000172036   -0.000194732    0.000240804    4.21242e-07    5.94194e-07    5.36225e-07    5.62162e-07    5.64872e-07    6.01603e-07
