       0.925652       0.100258       -0.13831        0.35449      -0.222005   -0.000764931   -0.000663245   -0.000571488   -0.000679025   -0.000744532   -0.000616989
       0.100258      0.0320154     -0.0165529      0.0165086     -0.0377826   -6.78978e-05   -7.33288e-05   -5.41872e-05   -7.98242e-05   -7.66636e-05   -8.40367e-05
       -0.13831     -0.0165529      0.0428896     -0.0431004      0.0334622    0.000112248     9.5417e-05    8.95913e-05     0.00010147     0.00010717    9.97661e-05
        0.35449      0.0165086     -0.0431004       0.254208     -0.0513025   -0.000341429   -0.000258378   -0.000214906   -0.000241452   -0.000323929   -0.000184952
      -0.222005     -0.0377826      0.0334622     -0.0513025        0.12092    0.000169905    0.000164188    0.000119393     0.00018351    0.000161411    0.000171315
   -0.000764931   -6.78978e-05    0.000112248   -0.000341429    0.000169905    6.82769e-07    5.50289e-07    4.73579e-07    5.50322e-07    6.19738e-07    4.87374e-07
   -0.000663245   -7.33288e-05     9.5417e-05   -0.000258378    0.000164188    5.50289e-07    4.96551e-07    4.01094e-07     4.8381e-07    5.33052e-07    4.42484e-07
   -0.000571488   -5.41872e-05    8.95913e-05   -0.000214906    0.000119393    4.73579e-07    4.01094e-07    3.81059e-07    4.15745e-07    4.57299e-07    3.76147e-07
   -0.000679025   -7.98242e-05     0.00010147   -0.000241452     0.00018351    5.50322e-07     4.8381e-07    4.15745e-07    5.24995e-07    5.39909e-07    4.58633e-07
   -0.000744532   -7.66636e-05     0.00010717   -0.000323929    0.000161411    6.19738e-07    5.33052e-07    4.57299e-07    5.39909e-07     6.3456e-07    4.79802e-07
   -0.000616989   -8.40367e-05    9.97661e-05   -0.000184952    0.000171315    4.87374e-07    4.42484e-07    3.76147e-07    4.58633e-07    4.79802e-07    4.54325e-07
