       0.541689       0.039529     -0.0781054       0.102584     -0.0985033   -0.000850139   -0.000945751   -0.000956625   -0.000898487   -0.000925459   -0.000796545
       0.039529      0.0151793    -0.00609147     0.00689185    -0.00813035    -6.4653e-05    -7.2465e-05   -6.62785e-05   -6.71326e-05   -6.97386e-05   -5.49051e-05
     -0.0781054    -0.00609147      0.0346616      -0.018603       0.014252    0.000109678    0.000148201    0.000145993    0.000127231    0.000143672    0.000103741
       0.102584     0.00689185      -0.018603      0.0536849      -0.019737   -0.000148863   -0.000187516   -0.000204881   -0.000172006   -0.000174798   -0.000135012
     -0.0985033    -0.00813035       0.014252      -0.019737      0.0565874    0.000168564    0.000171703    0.000176124    0.000168423    0.000171621    0.000129066
   -0.000850139    -6.4653e-05    0.000109678   -0.000148863    0.000168564    1.47619e-06    1.46309e-06     1.4897e-06    1.40788e-06    1.43064e-06    1.24311e-06
   -0.000945751    -7.2465e-05    0.000148201   -0.000187516    0.000171703    1.46309e-06    1.76924e-06    1.66763e-06    1.55197e-06    1.61763e-06    1.37614e-06
   -0.000956625   -6.62785e-05    0.000145993   -0.000204881    0.000176124     1.4897e-06    1.66763e-06    1.80744e-06    1.57586e-06     1.6353e-06    1.37933e-06
   -0.000898487   -6.71326e-05    0.000127231   -0.000172006    0.000168423    1.40788e-06    1.55197e-06    1.57586e-06     1.6038e-06     1.5142e-06    1.32244e-06
   -0.000925459   -6.97386e-05    0.000143672   -0.000174798    0.000171621    1.43064e-06    1.61763e-06     1.6353e-06     1.5142e-06    1.68816e-06    1.35719e-06
   -0.000796545   -5.49051e-05    0.000103741   -0.000135012    0.000129066    1.24311e-06    1.37614e-06    1.37933e-06    1.32244e-06    1.35719e-06    1.28104e-06
