      0.0249721   -0.000448433    0.000981983     0.00183506     -0.0144038     -0.0160313     -0.0142771     -0.0136841     -0.0140177     -0.0143995
   -0.000448433      0.0060828    7.03846e-05   -0.000120951     0.00035792   -0.000663655    0.000836322     0.00054308    0.000277806   -0.000216371
    0.000981983    7.03846e-05       0.010459   -0.000123574    -0.00180483    -0.00206777     0.00141143   -0.000771219   -0.000646849    0.000636053
     0.00183506   -0.000120951   -0.000123574      0.0141649   -0.000329166    -0.00051714    -0.00140319   -0.000666815    -0.00168106    -0.00206651
     -0.0144038     0.00035792    -0.00180483   -0.000329166       0.024735     0.00864284     0.00734179     0.00717462     0.00664617     0.00698433
     -0.0160313   -0.000663655    -0.00206777    -0.00051714     0.00864284      0.0274225     0.00815516     0.00771948      0.0079102     0.00813138
     -0.0142771    0.000836322     0.00141143    -0.00140319     0.00734179     0.00815516      0.0255522     0.00615497     0.00728075     0.00702245
     -0.0136841     0.00054308   -0.000771219   -0.000666815     0.00717462     0.00771948     0.00615497      0.0128656     0.00602255     0.00701846
     -0.0140177    0.000277806   -0.000646849    -0.00168106     0.00664617      0.0079102     0.00728075     0.00602255      0.0133168     0.00691796
     -0.0143995   -0.000216371    0.000636053    -0.00206651     0.00698433     0.00813138     0.00702245     0.00701846     0.00691796      0.0252009
