        0.51072      0.0593379     -0.0731698      0.0864792     -0.0793144   -0.000755399   -0.000753825   -0.000656551   -0.000739368   -0.000764263    -0.00068001
      0.0593379      0.0288118     -0.0102065      0.0122848    -0.00473083   -0.000109442   -9.97895e-05   -5.24609e-05   -9.54871e-05   -8.58065e-05   -6.46045e-05
     -0.0731698     -0.0102065      0.0404429     -0.0163616    0.000225295    0.000100829    9.97934e-05    8.01918e-05    0.000133806    0.000125063     8.6598e-05
      0.0864792      0.0122848     -0.0163616      0.0462981    -0.00710314   -0.000137475    -0.00011733   -9.76865e-05   -0.000136824   -0.000138225   -0.000114659
     -0.0793144    -0.00473083    0.000225295    -0.00710314      0.0662768    0.000110011    0.000140706    0.000120337    7.28259e-05     0.00011546    0.000123628
   -0.000755399   -0.000109442    0.000100829   -0.000137475    0.000110011    1.21457e-06    1.11986e-06    9.43609e-07    1.09532e-06    1.12261e-06    9.85162e-07
   -0.000753825   -9.97895e-05    9.97934e-05    -0.00011733    0.000140706    1.11986e-06    1.20508e-06    9.60832e-07    1.06484e-06    1.11585e-06    1.00221e-06
   -0.000656551   -5.24609e-05    8.01918e-05   -9.76865e-05    0.000120337    9.43609e-07    9.60832e-07    9.57633e-07    9.17827e-07    9.76045e-07    8.78202e-07
   -0.000739368   -9.54871e-05    0.000133806   -0.000136824    7.28259e-05    1.09532e-06    1.06484e-06    9.17827e-07    1.18829e-06    1.11788e-06    9.56818e-07
   -0.000764263   -8.58065e-05    0.000125063   -0.000138225     0.00011546    1.12261e-06    1.11585e-06    9.76045e-07    1.11788e-06    1.21198e-06    1.01328e-06
    -0.00068001   -6.46045e-05     8.6598e-05   -0.000114659    0.000123628    9.85162e-07    1.00221e-06    8.78202e-07    9.56818e-07    1.01328e-06    1.01428e-06
