       0.301678      0.0146396     -0.0461505       0.064064      -0.063114    -0.00597045    -0.00519192     -0.0060641    -0.00621284    -0.00643668    -0.00617261
      0.0146396      0.0192902    -0.00107238    -0.00176465    2.07546e-05   -0.000593889   -0.000197768   -0.000468687    -9.3419e-05   -0.000234952   -0.000237828
     -0.0461505    -0.00107238      0.0354497     -0.0135151     0.00906122    0.000997237    0.000511278    0.000888194     0.00115884      0.0011938    0.000848366
       0.064064    -0.00176465     -0.0135151      0.0523142     -0.0136546   -0.000986352    -0.00114157    -0.00135785    -0.00168156     -0.0014378    -0.00109819
      -0.063114    2.07546e-05     0.00906122     -0.0136546      0.0500481      0.0011679     0.00114193     0.00114505     0.00136342     0.00142183     0.00138482
    -0.00597045   -0.000593889    0.000997237   -0.000986352      0.0011679    0.000142813    9.85079e-05    0.000121052    0.000117682    0.000127364    0.000119647
    -0.00519192   -0.000197768    0.000511278    -0.00114157     0.00114193    9.85079e-05    0.000105053    0.000103975    0.000106484    0.000107242    0.000106563
     -0.0060641   -0.000468687    0.000888194    -0.00135785     0.00114505    0.000121052    0.000103975    0.000136526    0.000123033     0.00012653     0.00012304
    -0.00621284    -9.3419e-05     0.00115884    -0.00168156     0.00136342    0.000117682    0.000106484    0.000123033    0.000146281    0.000133391     0.00012414
    -0.00643668   -0.000234952      0.0011938     -0.0014378     0.00142183    0.000127364    0.000107242     0.00012653    0.000133391    0.000153815     0.00013068
    -0.00617261   -0.000237828    0.000848366    -0.00109819     0.00138482    0.000119647    0.000106563     0.00012304     0.00012414     0.00013068    0.000142583
