       0.625873      0.0672317       -0.10117       0.152485      -0.132929   -0.000600074   -0.000569438   -0.000545639   -0.000668406   -0.000576368   -0.000623532
      0.0672317      0.0293659     -0.0180453     0.00511272    -0.00851387   -6.89999e-05   -4.30133e-05   -5.19247e-05   -6.45334e-05   -7.62127e-05   -7.93354e-05
       -0.10117     -0.0180453      0.0425991     -0.0157718      0.0187225    9.58551e-05    8.08133e-05    8.11701e-05    0.000106456    0.000109248    0.000107203
       0.152485     0.00511272     -0.0157718      0.0955568     -0.0373438   -0.000154909   -0.000165001   -0.000123417   -0.000184191   -0.000105056   -0.000150824
      -0.132929    -0.00851387      0.0187225     -0.0373438      0.0695342    0.000118657    0.000128452     0.00012047    0.000154269    0.000120963    0.000124271
   -0.000600074   -6.89999e-05    9.58551e-05   -0.000154909    0.000118657    6.15214e-07    5.43826e-07    5.19684e-07    6.36934e-07    5.40133e-07     6.0125e-07
   -0.000569438   -4.30133e-05    8.08133e-05   -0.000165001    0.000128452    5.43826e-07    5.82156e-07    4.90567e-07    6.15518e-07    5.02964e-07    5.57256e-07
   -0.000545639   -5.19247e-05    8.11701e-05   -0.000123417     0.00012047    5.19684e-07    4.90567e-07    5.17695e-07    5.79898e-07    5.03649e-07     5.3077e-07
   -0.000668406   -6.45334e-05    0.000106456   -0.000184191    0.000154269    6.36934e-07    6.15518e-07    5.79898e-07    7.53986e-07    6.04374e-07    6.61244e-07
   -0.000576368   -7.62127e-05    0.000109248   -0.000105056    0.000120963    5.40133e-07    5.02964e-07    5.03649e-07    6.04374e-07    5.88978e-07    5.76224e-07
   -0.000623532   -7.93354e-05    0.000107203   -0.000150824    0.000124271     6.0125e-07    5.57256e-07     5.3077e-07    6.61244e-07    5.76224e-07    6.63564e-07
