       0.531785      0.0563072     -0.0717058       0.103782      -0.130374   -0.000480362   -0.000515907   -0.000514344   -0.000501791   -0.000551082   -0.000476492
      0.0563072      0.0200045    -0.00808802      0.0116442     -0.0128413   -4.67554e-05   -6.18666e-05   -5.28708e-05   -5.67084e-05   -5.92069e-05   -4.60488e-05
     -0.0717058    -0.00808802      0.0318673     -0.0136949       0.011433    6.69313e-05    7.37958e-05    7.44905e-05    6.94149e-05    6.52492e-05    6.27605e-05
       0.103782      0.0116442     -0.0136949      0.0509261     -0.0261609   -8.55655e-05   -0.000100132   -0.000102819   -0.000105033   -0.000109914   -9.44951e-05
      -0.130374     -0.0128413       0.011433     -0.0261609      0.0851317    0.000112268    0.000121208    0.000124918    0.000110676     0.00016328    0.000118552
   -0.000480362   -4.67554e-05    6.69313e-05   -8.55655e-05    0.000112268    4.71883e-07    4.58443e-07     4.6564e-07    4.50873e-07    4.92241e-07    4.26128e-07
   -0.000515907   -6.18666e-05    7.37958e-05   -0.000100132    0.000121208    4.58443e-07    5.39167e-07    4.97653e-07    4.85789e-07    5.30358e-07    4.58604e-07
   -0.000514344   -5.28708e-05    7.44905e-05   -0.000102819    0.000124918     4.6564e-07    4.97653e-07    5.28727e-07    4.82185e-07    5.25044e-07    4.62767e-07
   -0.000501791   -5.67084e-05    6.94149e-05   -0.000105033    0.000110676    4.50873e-07    4.85789e-07    4.82185e-07    5.12443e-07    5.13545e-07    4.43984e-07
   -0.000551082   -5.92069e-05    6.52492e-05   -0.000109914     0.00016328    4.92241e-07    5.30358e-07    5.25044e-07    5.13545e-07    6.21848e-07    4.89312e-07
   -0.000476492   -4.60488e-05    6.27605e-05   -9.44951e-05    0.000118552    4.26128e-07    4.58604e-07    4.62767e-07    4.43984e-07    4.89312e-07    4.71007e-07
