        2.88068       0.362529      -0.756889        1.20188      -0.722528    -0.00138825    -0.00165914    -0.00139832    -0.00148085    -0.00117548    -0.00140156
       0.362529      0.0845034     -0.0811855       0.125081     -0.0959551   -0.000180357   -0.000194087     -0.0001986     -0.0001753   -0.000147126   -0.000172731
      -0.756889     -0.0811855       0.250879      -0.322138       0.165069     0.00036483     0.00044529    0.000350063    0.000380425    0.000305657    0.000388109
        1.20188       0.125081      -0.322138       0.584881       -0.30541   -0.000570783   -0.000715051   -0.000567934   -0.000646495   -0.000476216   -0.000584956
      -0.722528     -0.0959551       0.165069       -0.30541        0.23971    0.000349642    0.000416806    0.000361023    0.000380303    0.000298445    0.000332277
    -0.00138825   -0.000180357     0.00036483   -0.000570783    0.000349642    6.79368e-07    7.97086e-07    6.74526e-07    7.10473e-07    5.67967e-07    6.72953e-07
    -0.00165914   -0.000194087     0.00044529   -0.000715051    0.000416806    7.97086e-07    9.70832e-07    7.96136e-07     8.5895e-07    6.74534e-07    8.08388e-07
    -0.00139832     -0.0001986    0.000350063   -0.000567934    0.000361023    6.74526e-07    7.96136e-07    7.02633e-07    7.13344e-07    5.70184e-07    6.74732e-07
    -0.00148085     -0.0001753    0.000380425   -0.000646495    0.000380303    7.10473e-07     8.5895e-07    7.13344e-07    7.86867e-07    5.99484e-07    7.16012e-07
    -0.00117548   -0.000147126    0.000305657   -0.000476216    0.000298445    5.67967e-07    6.74534e-07    5.70184e-07    5.99484e-07     4.9187e-07     5.6891e-07
    -0.00140156   -0.000172731    0.000388109   -0.000584956    0.000332277    6.72953e-07    8.08388e-07    6.74732e-07    7.16012e-07     5.6891e-07     7.0029e-07
