        9.99403         3.0618      -0.307377        3.29441       -4.68841    -0.00525417    -0.00407457    -0.00632586    -0.00471252    -0.00387454    -0.00533261
         3.0618       0.975889     -0.0623416        1.01208       -1.47162    -0.00160603    -0.00123634    -0.00196471    -0.00143963    -0.00117579    -0.00164034
      -0.307377     -0.0623416      0.0913162     -0.0911845      0.0792285    0.000158958     0.00015752    0.000157188     0.00015728    0.000127186    0.000150751
        3.29441        1.01208     -0.0911845        1.13132       -1.54763    -0.00175053    -0.00134033    -0.00208932    -0.00154946    -0.00127444    -0.00175424
       -4.68841       -1.47162      0.0792285       -1.54763        2.32106     0.00245923     0.00187517     0.00300663     0.00220252     0.00180391     0.00253008
    -0.00525417    -0.00160603    0.000158958    -0.00175053     0.00245923    2.78335e-06    2.14246e-06    3.32334e-06    2.47442e-06    2.03763e-06    2.79935e-06
    -0.00407457    -0.00123634     0.00015752    -0.00134033     0.00187517    2.14246e-06    1.68472e-06    2.56377e-06    1.92351e-06    1.58092e-06     2.1666e-06
    -0.00632586    -0.00196471    0.000157188    -0.00208932     0.00300663    3.32334e-06    2.56377e-06    4.03363e-06    2.97788e-06    2.44472e-06    3.38255e-06
    -0.00471252    -0.00143963     0.00015728    -0.00154946     0.00220252    2.47442e-06    1.92351e-06    2.97788e-06    2.23288e-06    1.82877e-06    2.51203e-06
    -0.00387454    -0.00117579    0.000127186    -0.00127444     0.00180391    2.03763e-06    1.58092e-06    2.44472e-06    1.82877e-06    1.51442e-06    2.06351e-06
    -0.00533261    -0.00164034    0.000150751    -0.00175424     0.00253008    2.79935e-06     2.1666e-06    3.38255e-06    2.51203e-06    2.06351e-06    2.86081e-06
