       0.474998       0.027717       -0.05119      0.0715319     -0.0829532   -0.000887192   -0.000940561   -0.000894703   -0.000850967   -0.000863889   -0.000937137
       0.027717      0.0168063   -0.000674877     0.00209087     -0.0071195   -6.27261e-05   -5.12683e-05   -2.94933e-05   -5.31597e-05   -5.76422e-05    -6.2469e-05
       -0.05119   -0.000674877      0.0268047    -0.00944633     0.00699352    8.88737e-05    0.000105614    0.000112862    8.87113e-05    8.80495e-05     9.9496e-05
      0.0715319     0.00209087    -0.00944633      0.0433087    -0.00919291    -0.00012733   -0.000138497   -0.000147899   -0.000130528   -0.000113744   -0.000158694
     -0.0829532     -0.0071195     0.00699352    -0.00919291      0.0598211    0.000162436    0.000196377    0.000129856    0.000130755    0.000158413     0.00016658
   -0.000887192   -6.27261e-05    8.88737e-05    -0.00012733    0.000162436    1.80479e-06    1.73168e-06    1.63502e-06     1.5664e-06    1.61833e-06    1.76254e-06
   -0.000940561   -5.12683e-05    0.000105614   -0.000138497    0.000196377    1.73168e-06    2.03642e-06    1.75072e-06    1.67414e-06    1.69567e-06    1.83966e-06
   -0.000894703   -2.94933e-05    0.000112862   -0.000147899    0.000129856    1.63502e-06    1.75072e-06    1.88902e-06    1.59184e-06    1.61217e-06    1.72584e-06
   -0.000850967   -5.31597e-05    8.87113e-05   -0.000130528    0.000130755     1.5664e-06    1.67414e-06    1.59184e-06    1.70083e-06    1.53146e-06    1.66226e-06
   -0.000863889   -5.76422e-05    8.80495e-05   -0.000113744    0.000158413    1.61833e-06    1.69567e-06    1.61217e-06    1.53146e-06    1.69727e-06    1.69839e-06
   -0.000937137    -6.2469e-05     9.9496e-05   -0.000158694     0.00016658    1.76254e-06    1.83966e-06    1.72584e-06    1.66226e-06    1.69839e-06    2.00377e-06
