        0.51351       0.007713     -0.0128554      0.0173082       -0.31482      -0.316773      -0.317666        -0.3171      -0.318176      -0.318234
       0.007713     0.00635851   -0.000355582    0.000151567     -0.0047691    -0.00482614    -0.00486183    -0.00378064    -0.00554798    -0.00539529
     -0.0128554   -0.000355582      0.0105548   -0.000314362     0.00677088     0.00677392     0.00784675     0.00764188     0.00877765     0.00911089
      0.0173082    0.000151567   -0.000314362      0.0146934     -0.0101372     -0.0120126      -0.012187     -0.0106122     -0.0101434     -0.0107781
       -0.31482     -0.0047691     0.00677088     -0.0101372       0.210979       0.192736       0.193165       0.193368       0.193754        0.19476
      -0.316773    -0.00482614     0.00677392     -0.0120126       0.192736       0.212901       0.195097       0.194897       0.195346       0.193724
      -0.317666    -0.00486183     0.00784675      -0.012187       0.193165       0.195097       0.213933       0.195565       0.195287       0.195928
        -0.3171    -0.00378064     0.00764188     -0.0106122       0.193368       0.194897       0.195565       0.200809       0.195211       0.195398
      -0.318176    -0.00554798     0.00877765     -0.0101434       0.193754       0.195346       0.195287       0.195211       0.202508       0.196272
      -0.318234    -0.00539529     0.00911089     -0.0107781        0.19476       0.193724       0.195928       0.195398       0.196272        0.21512
