       0.500283      0.0313963     -0.0545931      0.0572062     -0.0836508    -0.00141071    -0.00130723    -0.00149141    -0.00137004    -0.00145052    -0.00143288
      0.0313963      0.0145055    -0.00353266     0.00365176    -0.00647825   -9.23876e-05   -7.88614e-05   -0.000102587   -7.64583e-05   -9.85878e-05   -8.62528e-05
     -0.0545931    -0.00353266      0.0307853    -0.00520893      0.0123434    0.000150003    0.000105192    0.000173093     0.00015663    0.000162933    0.000179741
      0.0572062     0.00365176    -0.00520893      0.0344949    -0.00876116   -0.000161103   -0.000159168   -0.000167968   -0.000149539   -0.000179174   -0.000159127
     -0.0836508    -0.00647825      0.0123434    -0.00876116      0.0548655    0.000247388    0.000179414    0.000283451    0.000227912    0.000242223    0.000242949
    -0.00141071   -9.23876e-05    0.000150003   -0.000161103    0.000247388    4.38058e-06    3.63453e-06     4.2082e-06    3.75328e-06    4.06302e-06    4.01981e-06
    -0.00130723   -7.88614e-05    0.000105192   -0.000159168    0.000179414    3.63453e-06    3.82619e-06    3.81966e-06    3.53868e-06    3.78138e-06    3.71802e-06
    -0.00149141   -0.000102587    0.000173093   -0.000167968    0.000283451     4.2082e-06    3.81966e-06    4.76842e-06    4.08766e-06    4.26673e-06    4.26996e-06
    -0.00137004   -7.64583e-05     0.00015663   -0.000149539    0.000227912    3.75328e-06    3.53868e-06    4.08766e-06    4.15381e-06    3.92006e-06    3.89727e-06
    -0.00145052   -9.85878e-05    0.000162933   -0.000179174    0.000242223    4.06302e-06    3.78138e-06    4.26673e-06    3.92006e-06    4.56868e-06    4.12833e-06
    -0.00143288   -8.62528e-05    0.000179741   -0.000159127    0.000242949    4.01981e-06    3.71802e-06    4.26996e-06    3.89727e-06    4.12833e-06    4.39274e-06
