        3376.21        3529.59        55.2614        -41.141        16.3472       -1.63588      -0.250845        -1.0795       -1.35726      -0.521062      -0.799948
        3529.59        3717.45         87.328       -44.3838        14.6561       -1.72317       -0.25894       -1.12866       -1.42509      -0.539901       -0.83255
        55.2614         87.328        34.8414       0.129245       -2.57144     -0.0417286   -0.000854748     -0.0173792     -0.0288077    -0.00336472     -0.0087651
        -41.141       -44.3838       0.129245        3.34247       0.110551      0.0193415      0.0026131      0.0136476      0.0169651     0.00603087      0.0098477
        16.3472        14.6561       -2.57144       0.110551       0.908868    -0.00688275    -0.00143216    -0.00520897    -0.00591989    -0.00300197     -0.0042928
       -1.63588       -1.72317     -0.0417286      0.0193415    -0.00688275    0.000799316    0.000120109     0.00052289    0.000660486    0.000250228    0.000385712
      -0.250845       -0.25894   -0.000854748      0.0026131    -0.00143216    0.000120109    1.90781e-05    8.01354e-05    0.000100105    3.92926e-05    5.98364e-05
        -1.0795       -1.12866     -0.0173792      0.0136476    -0.00520897     0.00052289    8.01354e-05    0.000345243    0.000434009    0.000166569     0.00025581
       -1.35726       -1.42509     -0.0288077      0.0169651    -0.00591989    0.000660486    0.000100105    0.000434009    0.000547036    0.000208377    0.000320742
      -0.521062      -0.539901    -0.00336472     0.00603087    -0.00300197    0.000250228    3.92926e-05    0.000166569    0.000208377    8.12745e-05    0.000124116
      -0.799948       -0.83255     -0.0087651      0.0098477     -0.0042928    0.000385712    5.98364e-05     0.00025581    0.000320742    0.000124116    0.000190097
